minout              =  6.720980e-06 at=  1.842800e-09
maxout              =  4.500830e-01 at=  2.092800e-09
minnod              =  6.720980e-06 at=  1.842800e-09
maxnod              =  4.500830e-01 at=  2.092800e-09
