minout              =  4.500498e-01 at=  2.062000e-09
maxout              =  8.999999e-01 at=  1.812000e-09
minnod              =  4.500498e-01 at=  2.062000e-09
maxnod              =  8.999999e-01 at=  1.812000e-09
