minout              =  3.498800e-01 at=  2.112000e-09
maxout              =  6.999899e-01 at=  1.032000e-09
minnod              =  3.498800e-01 at=  2.112000e-09
maxnod              =  6.999899e-01 at=  1.032000e-09
